time    Sun_pos_x  Sun_pos_y  Sun_pos_z    Earth_pos_x  Earth_pos_y  Earth_pos_z    Moon_pos_x  Moon_pos_y  Moon_pos_z    
0.000000e+000    0.000000e+000  0.000000e+000  0.000000e+000    0.000000e+000  1.520000e+011  0.000000e+000    3.750000e+005  1.470000e+011  0.000000e+000    
0.000000e+000    5.593084e-001  6.553465e+001  0.000000e+000    2.591816e+009  1.519784e+011  0.000000e+000    2.680551e+009  1.469770e+011  0.000000e+000    
8.640000e+004    3.355492e+000  2.621186e+002  0.000000e+000    5.182897e+009  1.519138e+011  0.000000e+000    5.359885e+009  1.469080e+011  0.000000e+000    
1.728000e+005    1.062464e+001  5.896917e+002  0.000000e+000    7.772507e+009  1.518060e+011  0.000000e+000    8.037533e+009  1.467931e+011  0.000000e+000    
2.592000e+005    2.460128e+001  1.048154e+003  0.000000e+000    1.035991e+010  1.516551e+011  0.000000e+000    1.071266e+010  1.466323e+011  0.000000e+000    
3.456000e+005    4.751761e+001  1.637365e+003  0.000000e+000    1.294438e+010  1.514612e+011  0.000000e+000    1.338441e+010  1.464256e+011  0.000000e+000    
4.320000e+005    8.160269e+001  2.357145e+003  0.000000e+000    1.552518e+010  1.512244e+011  0.000000e+000    1.605196e+010  1.461731e+011  0.000000e+000    
5.184000e+005    1.290817e+002  3.207274e+003  0.000000e+000    1.810157e+010  1.509447e+011  0.000000e+000    1.871447e+010  1.458749e+011  0.000000e+000    
6.048000e+005    1.921751e+002  4.187492e+003  0.000000e+000    2.067283e+010  1.506222e+011  0.000000e+000    2.137110e+010  1.455312e+011  0.000000e+000    
6.912000e+005    2.730981e+002  5.297500e+003  0.000000e+000    2.323823e+010  1.502569e+011  0.000000e+000    2.402103e+010  1.451420e+011  0.000000e+000    
7.776000e+005    3.740594e+002  6.536960e+003  0.000000e+000    2.579704e+010  1.498491e+011  0.000000e+000    2.666343e+010  1.447075e+011  0.000000e+000    
8.640000e+005    4.972610e+002  7.905492e+003  0.000000e+000    2.834854e+010  1.493988e+011  0.000000e+000    2.929746e+010  1.442279e+011  0.000000e+000    
9.504000e+005    6.448969e+002  9.402680e+003  0.000000e+000    3.089201e+010  1.489062e+011  0.000000e+000    3.192233e+010  1.437033e+011  0.000000e+000    
1.036800e+006    8.191529e+002  1.102807e+004  0.000000e+000    3.342672e+010  1.483713e+011  0.000000e+000    3.453720e+010  1.431339e+011  0.000000e+000    
1.123200e+006    1.022205e+003  1.278116e+004  0.000000e+000    3.595198e+010  1.477945e+011  0.000000e+000    3.714127e+010  1.425200e+011  0.000000e+000    
1.209600e+006    1.256221e+003  1.466142e+004  0.000000e+000    3.846705e+010  1.471758e+011  0.000000e+000    3.973373e+010  1.418616e+011  0.000000e+000    
1.296000e+006    1.523355e+003  1.666828e+004  0.000000e+000    4.097123e+010  1.465155e+011  0.000000e+000    4.231379e+010  1.411592e+011  0.000000e+000    
1.382400e+006    1.825752e+003  1.880112e+004  0.000000e+000    4.346382e+010  1.458136e+011  0.000000e+000    4.488065e+010  1.404130e+011  0.000000e+000    
1.468800e+006    2.165544e+003  2.105931e+004  0.000000e+000    4.594412e+010  1.450706e+011  0.000000e+000    4.743353e+010  1.396231e+011  0.000000e+000    
1.555200e+006    2.544850e+003  2.344215e+004  0.000000e+000    4.841143e+010  1.442865e+011  0.000000e+000    4.997165e+010  1.387900e+011  0.000000e+000    
1.641600e+006    2.965776e+003  2.594892e+004  0.000000e+000    5.086505e+010  1.434617e+011  0.000000e+000    5.249423e+010  1.379138e+011  0.000000e+000    
1.728000e+006    3.430412e+003  2.857885e+004  0.000000e+000    5.330431e+010  1.425963e+011  0.000000e+000    5.500051e+010  1.369950e+011  0.000000e+000    
1.814400e+006    3.940836e+003  3.133116e+004  0.000000e+000    5.572851e+010  1.416906e+011  0.000000e+000    5.748973e+010  1.360338e+011  0.000000e+000    
1.900800e+006    4.499108e+003  3.420501e+004  0.000000e+000    5.813698e+010  1.407450e+011  0.000000e+000    5.996114e+010  1.350307e+011  0.000000e+000    
1.987200e+006    5.107270e+003  3.719953e+004  0.000000e+000    6.052904e+010  1.397596e+011  0.000000e+000    6.241400e+010  1.339859e+011  0.000000e+000    
2.073600e+006    5.767352e+003  4.031382e+004  0.000000e+000    6.290404e+010  1.387348e+011  0.000000e+000    6.484759e+010  1.328998e+011  0.000000e+000    
2.160000e+006    6.481362e+003  4.354693e+004  0.000000e+000    6.526130e+010  1.376709e+011  0.000000e+000    6.726116e+010  1.317729e+011  0.000000e+000    
2.246400e+006    7.251290e+003  4.689789e+004  0.000000e+000    6.760018e+010  1.365682e+011  0.000000e+000    6.965402e+010  1.306055e+011  0.000000e+000    
2.332800e+006    8.079110e+003  5.036569e+004  0.000000e+000    6.992003e+010  1.354271e+011  0.000000e+000    7.202545e+010  1.293980e+011  0.000000e+000    
2.419200e+006    8.966773e+003  5.394929e+004  0.000000e+000    7.222020e+010  1.342478e+011  0.000000e+000    7.437477e+010  1.281510e+011  0.000000e+000    
2.505600e+006    9.916210e+003  5.764760e+004  0.000000e+000    7.450005e+010  1.330308e+011  0.000000e+000    7.670128e+010  1.268647e+011  0.000000e+000    
2.592000e+006    1.092933e+004  6.145953e+004  0.000000e+000    7.675897e+010  1.317764e+011  0.000000e+000    7.900432e+010  1.255397e+011  0.000000e+000    
2.678400e+006    1.200803e+004  6.538392e+004  0.000000e+000    7.899632e+010  1.304849e+011  0.000000e+000    8.128321e+010  1.241764e+011  0.000000e+000    
2.764800e+006    1.315418e+004  6.941960e+004  0.000000e+000    8.121149e+010  1.291569e+011  0.000000e+000    8.353731e+010  1.227754e+011  0.000000e+000    
2.851200e+006    1.436961e+004  7.356537e+004  0.000000e+000    8.340388e+010  1.277926e+011  0.000000e+000    8.576596e+010  1.213371e+011  0.000000e+000    
2.937600e+006    1.565615e+004  7.781998e+004  0.000000e+000    8.557289e+010  1.263924e+011  0.000000e+000    8.796855e+010  1.198619e+011  0.000000e+000    
3.024000e+006    1.701560e+004  8.218216e+004  0.000000e+000    8.771792e+010  1.249569e+011  0.000000e+000    9.014445e+010  1.183505e+011  0.000000e+000    
3.110400e+006    1.844973e+004  8.665063e+004  0.000000e+000    8.983839e+010  1.234864e+011  0.000000e+000    9.229306e+010  1.168034e+011  0.000000e+000    
3.196800e+006    1.996030e+004  9.122404e+004  0.000000e+000    9.193372e+010  1.219813e+011  0.000000e+000    9.441377e+010  1.152210e+011  0.000000e+000    
3.283200e+006    2.154902e+004  9.590103e+004  0.000000e+000    9.400336e+010  1.204421e+011  0.000000e+000    9.650600e+010  1.136039e+011  0.000000e+000    
3.369600e+006    2.321759e+004  1.006802e+005  0.000000e+000    9.604673e+010  1.188693e+011  0.000000e+000    9.856918e+010  1.119527e+011  0.000000e+000    
3.456000e+006    2.496768e+004  1.055602e+005  0.000000e+000    9.806329e+010  1.172632e+011  0.000000e+000    1.006028e+011  1.102680e+011  0.000000e+000    
3.542400e+006    2.680094e+004  1.105395e+005  0.000000e+000    1.000525e+011  1.156245e+011  0.000000e+000    1.026062e+011  1.085502e+011  0.000000e+000    
3.628800e+006    2.871899e+004  1.156167e+005  0.000000e+000    1.020138e+011  1.139535e+011  0.000000e+000    1.045789e+011  1.068001e+011  0.000000e+000    
3.715200e+006    3.072341e+004  1.207903e+005  0.000000e+000    1.039467e+011  1.122508e+011  0.000000e+000    1.065204e+011  1.050182e+011  0.000000e+000    
3.801600e+006    3.281577e+004  1.260588e+005  0.000000e+000    1.058507e+011  1.105169e+011  0.000000e+000    1.084302e+011  1.032050e+011  0.000000e+000    
3.888000e+006    3.499760e+004  1.314205e+005  0.000000e+000    1.077253e+011  1.087522e+011  0.000000e+000    1.103077e+011  1.013612e+011  0.000000e+000    
3.974400e+006    3.727041e+004  1.368740e+005  0.000000e+000    1.095699e+011  1.069574e+011  0.000000e+000    1.121526e+011  9.948746e+010  0.000000e+000    
4.060800e+006    3.963566e+004  1.424176e+005  0.000000e+000    1.113841e+011  1.051328e+011  0.000000e+000    1.139642e+011  9.758432e+010  0.000000e+000    
4.147200e+006    4.209481e+004  1.480497e+005  0.000000e+000    1.131675e+011  1.032791e+011  0.000000e+000    1.157423e+011  9.565244e+010  0.000000e+000    
4.233600e+006    4.464927e+004  1.537687e+005  0.000000e+000    1.149194e+011  1.013968e+011  0.000000e+000    1.174862e+011  9.369244e+010  0.000000e+000    
4.320000e+006    4.730042e+004  1.595729e+005  0.000000e+000    1.166396e+011  9.948639e+010  0.000000e+000    1.191957e+011  9.170498e+010  0.000000e+000    
4.406400e+006    5.004962e+004  1.654606e+005  0.000000e+000    1.183275e+011  9.754849e+010  0.000000e+000    1.208702e+011  8.969070e+010  0.000000e+000    
4.492800e+006    5.289819e+004  1.714302e+005  0.000000e+000    1.199828e+011  9.558364e+010  0.000000e+000    1.225094e+011  8.765025e+010  0.000000e+000    
4.579200e+006    5.584742e+004  1.774798e+005  0.000000e+000    1.216049e+011  9.359240e+010  0.000000e+000    1.241128e+011  8.558429e+010  0.000000e+000    
4.665600e+006    5.889858e+004  1.836078e+005  0.000000e+000    1.231935e+011  9.157536e+010  0.000000e+000    1.256802e+011  8.349348e+010  0.000000e+000    
4.752000e+006    6.205288e+004  1.898123e+005  0.000000e+000    1.247481e+011  8.953308e+010  0.000000e+000    1.272111e+011  8.137850e+010  0.000000e+000    
4.838400e+006    6.531152e+004  1.960917e+005  0.000000e+000    1.262684e+011  8.746617e+010  0.000000e+000    1.287052e+011  7.924001e+010  0.000000e+000    
4.924800e+006    6.867568e+004  2.024440e+005  0.000000e+000    1.277540e+011  8.537521e+010  0.000000e+000    1.301621e+011  7.707869e+010  0.000000e+000    
5.011200e+006    7.214647e+004  2.088674e+005  0.000000e+000    1.292046e+011  8.326080e+010  0.000000e+000    1.315815e+011  7.489523e+010  0.000000e+000    
5.097600e+006    7.572500e+004  2.153602e+005  0.000000e+000    1.306196e+011  8.112355e+010  0.000000e+000    1.329632e+011  7.269030e+010  0.000000e+000    
5.184000e+006    7.941232e+004  2.219205e+005  0.000000e+000    1.319989e+011  7.896406e+010  0.000000e+000    1.343068e+011  7.046459e+010  0.000000e+000    
5.270400e+006    8.320948e+004  2.285464e+005  0.000000e+000    1.333420e+011  7.678295e+010  0.000000e+000    1.356120e+011  6.821880e+010  0.000000e+000    
5.356800e+006    8.711747e+004  2.352359e+005  0.000000e+000    1.346487e+011  7.458084e+010  0.000000e+000    1.368786e+011  6.595361e+010  0.000000e+000    
5.443200e+006    9.113724e+004  2.419873e+005  0.000000e+000    1.359185e+011  7.235835e+010  0.000000e+000    1.381063e+011  6.366973e+010  0.000000e+000    
5.529600e+006    9.526974e+004  2.487986e+005  0.000000e+000    1.371513e+011  7.011611e+010  0.000000e+000    1.392949e+011  6.136784e+010  0.000000e+000    
5.616000e+006    9.951586e+004  2.556679e+005  0.000000e+000    1.383467e+011  6.785476e+010  0.000000e+000    1.404441e+011  5.904865e+010  0.000000e+000    
5.702400e+006    1.038765e+005  2.625933e+005  0.000000e+000    1.395044e+011  6.557493e+010  0.000000e+000    1.415537e+011  5.671286e+010  0.000000e+000    
5.788800e+006    1.083524e+005  2.695727e+005  0.000000e+000    1.406242e+011  6.327726e+010  0.000000e+000    1.426235e+011  5.436117e+010  0.000000e+000    
5.875200e+006    1.129444e+005  2.766043e+005  0.000000e+000    1.417057e+011  6.096239e+010  0.000000e+000    1.436534e+011  5.199427e+010  0.000000e+000    
5.961600e+006    1.176532e+005  2.836860e+005  0.000000e+000    1.427488e+011  5.863098e+010  0.000000e+000    1.446431e+011  4.961289e+010  0.000000e+000    
6.048000e+006    1.224797e+005  2.908160e+005  0.000000e+000    1.437532e+011  5.628367e+010  0.000000e+000    1.455925e+011  4.721771e+010  0.000000e+000    
6.134400e+006    1.274244e+005  2.979921e+005  0.000000e+000    1.447187e+011  5.392112e+010  0.000000e+000    1.465015e+011  4.480944e+010  0.000000e+000    
6.220800e+006    1.324880e+005  3.052125e+005  0.000000e+000    1.456450e+011  5.154398e+010  0.000000e+000    1.473698e+011  4.238879e+010  0.000000e+000    
6.307200e+006    1.376712e+005  3.124751e+005  0.000000e+000    1.465319e+011  4.915292e+010  0.000000e+000    1.481974e+011  3.995646e+010  0.000000e+000    
6.393600e+006    1.429746e+005  3.197779e+005  0.000000e+000    1.473794e+011  4.674859e+010  0.000000e+000    1.489842e+011  3.751316e+010  0.000000e+000    
6.480000e+006    1.483986e+005  3.271188e+005  0.000000e+000    1.481871e+011  4.433166e+010  0.000000e+000    1.497300e+011  3.505958e+010  0.000000e+000    
6.566400e+006    1.539438e+005  3.344960e+005  0.000000e+000    1.489549e+011  4.190279e+010  0.000000e+000    1.504348e+011  3.259642e+010  0.000000e+000    
6.652800e+006    1.596107e+005  3.419072e+005  0.000000e+000    1.496826e+011  3.946265e+010  0.000000e+000    1.510985e+011  3.012440e+010  0.000000e+000    
6.739200e+006    1.653998e+005  3.493506e+005  0.000000e+000    1.503701e+011  3.701191e+010  0.000000e+000    1.517211e+011  2.764420e+010  0.000000e+000    
6.825600e+006    1.713114e+005  3.568240e+005  0.000000e+000    1.510173e+011  3.455124e+010  0.000000e+000    1.523024e+011  2.515652e+010  0.000000e+000    
6.912000e+006    1.773459e+005  3.643255e+005  0.000000e+000    1.516240e+011  3.208131e+010  0.000000e+000    1.528424e+011  2.266206e+010  0.000000e+000    
6.998400e+006    1.835037e+005  3.718529e+005  0.000000e+000    1.521901e+011  2.960279e+010  0.000000e+000    1.533412e+011  2.016151e+010  0.000000e+000    
7.084800e+006    1.897850e+005  3.794043e+005  0.000000e+000    1.527156e+011  2.711636e+010  0.000000e+000    1.537987e+011  1.765556e+010  0.000000e+000    
7.171200e+006    1.961902e+005  3.869776e+005  0.000000e+000    1.532002e+011  2.462268e+010  0.000000e+000    1.542148e+011  1.514490e+010  0.000000e+000    
7.257600e+006    2.027195e+005  3.945708e+005  0.000000e+000    1.536441e+011  2.212244e+010  0.000000e+000    1.545897e+011  1.263022e+010  0.000000e+000    
7.344000e+006    2.093732e+005  4.021817e+005  0.000000e+000    1.540469e+011  1.961630e+010  0.000000e+000    1.549233e+011  1.011220e+010  0.000000e+000    
7.430400e+006    2.161512e+005  4.098084e+005  0.000000e+000    1.544088e+011  1.710495e+010  0.000000e+000    1.552156e+011  7.591516e+009  0.000000e+000    
7.516800e+006    2.230539e+005  4.174488e+005  0.000000e+000    1.547297e+011  1.458904e+010  0.000000e+000    1.554667e+011  5.068850e+009  0.000000e+000    
7.603200e+006    2.300814e+005  4.251009e+005  0.000000e+000    1.550095e+011  1.206927e+010  0.000000e+000    1.556766e+011  2.544874e+009  0.000000e+000    
7.689600e+006    2.372336e+005  4.327626e+005  0.000000e+000    1.552482e+011  9.546295e+009  0.000000e+000    1.558455e+011  2.025731e+007  0.000000e+000    
7.776000e+006    2.445106e+005  4.404319e+005  0.000000e+000    1.554458e+011  7.020791e+009  0.000000e+000    1.559733e+011  -2.504332e+009  0.000000e+000    
7.862400e+006    2.519125e+005  4.481067e+005  0.000000e+000    1.556022e+011  4.493430e+009  0.000000e+000    1.560602e+011  -5.028233e+009  0.000000e+000    
7.948800e+006    2.594391e+005  4.557851e+005  0.000000e+000    1.557176e+011  1.964881e+009  0.000000e+000    1.561062e+011  -7.550785e+009  0.000000e+000    
8.035200e+006    2.670906e+005  4.634649e+005  0.000000e+000    1.557919e+011  -5.641867e+008  0.000000e+000    1.561115e+011  -1.007133e+010  0.000000e+000    
8.121600e+006    2.748666e+005  4.711442e+005  0.000000e+000    1.558252e+011  -3.093107e+009  0.000000e+000    1.560762e+011  -1.258923e+010  0.000000e+000    
8.208000e+006    2.827672e+005  4.788210e+005  0.000000e+000    1.558174e+011  -5.621213e+009  0.000000e+000    1.560003e+011  -1.510383e+010  0.000000e+000    
8.294400e+006    2.907921e+005  4.864931e+005  0.000000e+000    1.557687e+011  -8.147842e+009  0.000000e+000    1.558841e+011  -1.761448e+010  0.000000e+000    
8.380800e+006    2.989412e+005  4.941587e+005  0.000000e+000    1.556791e+011  -1.067233e+010  0.000000e+000    1.557277e+011  -2.012056e+010  0.000000e+000    
8.467200e+006    3.072143e+005  5.018157e+005  0.000000e+000    1.555486e+011  -1.319403e+010  0.000000e+000    1.555311e+011  -2.262142e+010  0.000000e+000    
8.553600e+006    3.156110e+005  5.094621e+005  0.000000e+000    1.553775e+011  -1.571226e+010  0.000000e+000    1.552947e+011  -2.511645e+010  0.000000e+000    
8.640000e+006    3.241311e+005  5.170959e+005  0.000000e+000    1.551656e+011  -1.822639e+010  0.000000e+000    1.550185e+011  -2.760502e+010  0.000000e+000    
8.726400e+006    3.327743e+005  5.247152e+005  0.000000e+000    1.549133e+011  -2.073576e+010  0.000000e+000    1.547027e+011  -3.008650e+010  0.000000e+000    
8.812800e+006    3.415403e+005  5.323180e+005  0.000000e+000    1.546205e+011  -2.323972e+010  0.000000e+000    1.543476e+011  -3.256030e+010  0.000000e+000    
8.899200e+006    3.504285e+005  5.399023e+005  0.000000e+000    1.542874e+011  -2.573762e+010  0.000000e+000    1.539533e+011  -3.502579e+010  0.000000e+000    
8.985600e+006    3.594388e+005  5.474662e+005  0.000000e+000    1.539141e+011  -2.822882e+010  0.000000e+000    1.535200e+011  -3.748239e+010  0.000000e+000    
9.072000e+006    3.685705e+005  5.550077e+005  0.000000e+000    1.535008e+011  -3.071267e+010  0.000000e+000    1.530479e+011  -3.992949e+010  0.000000e+000    
9.158400e+006    3.778232e+005  5.625249e+005  0.000000e+000    1.530477e+011  -3.318856e+010  0.000000e+000    1.525374e+011  -4.236650e+010  0.000000e+000    
9.244800e+006    3.871965e+005  5.700159e+005  0.000000e+000    1.525548e+011  -3.565583e+010  0.000000e+000    1.519885e+011  -4.479283e+010  0.000000e+000    
9.331200e+006    3.966897e+005  5.774787e+005  0.000000e+000    1.520224e+011  -3.811387e+010  0.000000e+000    1.514015e+011  -4.720792e+010  0.000000e+000    
9.417600e+006    4.063024e+005  5.849116e+005  0.000000e+000    1.514507e+011  -4.056204e+010  0.000000e+000    1.507768e+011  -4.961117e+010  0.000000e+000    
9.504000e+006    4.160339e+005  5.923125e+005  0.000000e+000    1.508398e+011  -4.299973e+010  0.000000e+000    1.501144e+011  -5.200203e+010  0.000000e+000    
9.590400e+006    4.258836e+005  5.996796e+005  0.000000e+000    1.501900e+011  -4.542631e+010  0.000000e+000    1.494148e+011  -5.437993e+010  0.000000e+000    
9.676800e+006    4.358509e+005  6.070111e+005  0.000000e+000    1.495014e+011  -4.784118e+010  0.000000e+000    1.486781e+011  -5.674431e+010  0.000000e+000    
9.763200e+006    4.459351e+005  6.143051e+005  0.000000e+000    1.487743e+011  -5.024372e+010  0.000000e+000    1.479047e+011  -5.909463e+010  0.000000e+000    
9.849600e+006    4.561355e+005  6.215598e+005  0.000000e+000    1.480089e+011  -5.263334e+010  0.000000e+000    1.470948e+011  -6.143034e+010  0.000000e+000    
9.936000e+006    4.664513e+005  6.287734e+005  0.000000e+000    1.472055e+011  -5.500943e+010  0.000000e+000    1.462488e+011  -6.375090e+010  0.000000e+000    
1.002240e+007    4.768819e+005  6.359440e+005  0.000000e+000    1.463643e+011  -5.737139e+010  0.000000e+000    1.453668e+011  -6.605578e+010  0.000000e+000    
1.010880e+007    4.874263e+005  6.430698e+005  0.000000e+000    1.454856e+011  -5.971865e+010  0.000000e+000    1.444493e+011  -6.834446e+010  0.000000e+000    
1.019520e+007    4.980839e+005  6.501492e+005  0.000000e+000    1.445695e+011  -6.205060e+010  0.000000e+000    1.434965e+011  -7.061641e+010  0.000000e+000    
1.028160e+007    5.088537e+005  6.571803e+005  0.000000e+000    1.436165e+011  -6.436668e+010  0.000000e+000    1.425088e+011  -7.287112e+010  0.000000e+000    
1.036800e+007    5.197349e+005  6.641614e+005  0.000000e+000    1.426268e+011  -6.666631e+010  0.000000e+000    1.414864e+011  -7.510808e+010  0.000000e+000    
1.045440e+007    5.307267e+005  6.710908e+005  0.000000e+000    1.416007e+011  -6.894892e+010  0.000000e+000    1.404298e+011  -7.732679e+010  0.000000e+000    
1.054080e+007    5.418280e+005  6.779667e+005  0.000000e+000    1.405384e+011  -7.121394e+010  0.000000e+000    1.393392e+011  -7.952677e+010  0.000000e+000    
1.062720e+007    5.530380e+005  6.847874e+005  0.000000e+000    1.394404e+011  -7.346082e+010  0.000000e+000    1.382150e+011  -8.170751e+010  0.000000e+000    
1.071360e+007    5.643556e+005  6.915514e+005  0.000000e+000    1.383069e+011  -7.568900e+010  0.000000e+000    1.370575e+011  -8.386854e+010  0.000000e+000    
1.080000e+007    5.757800e+005  6.982569e+005  0.000000e+000    1.371382e+011  -7.789794e+010  0.000000e+000    1.358671e+011  -8.600939e+010  0.000000e+000    
1.088640e+007    5.873100e+005  7.049023e+005  0.000000e+000    1.359346e+011  -8.008710e+010  0.000000e+000    1.346441e+011  -8.812958e+010  0.000000e+000    
1.097280e+007    5.989447e+005  7.114860e+005  0.000000e+000    1.346966e+011  -8.225594e+010  0.000000e+000    1.333890e+011  -9.022866e+010  0.000000e+000    
1.105920e+007    6.106830e+005  7.180063e+005  0.000000e+000    1.334244e+011  -8.440393e+010  0.000000e+000    1.321021e+011  -9.230616e+010  0.000000e+000    
1.114560e+007    6.225237e+005  7.244617e+005  0.000000e+000    1.321185e+011  -8.653056e+010  0.000000e+000    1.307837e+011  -9.436165e+010  0.000000e+000    
1.123200e+007    6.344659e+005  7.308506e+005  0.000000e+000    1.307792e+011  -8.863530e+010  0.000000e+000    1.294342e+011  -9.639467e+010  0.000000e+000    
1.131840e+007    6.465083e+005  7.371715e+005  0.000000e+000    1.294067e+011  -9.071764e+010  0.000000e+000    1.280541e+011  -9.840480e+010  0.000000e+000    
1.140480e+007    6.586499e+005  7.434229e+005  0.000000e+000    1.280017e+011  -9.277708e+010  0.000000e+000    1.266437e+011  -1.003916e+011  0.000000e+000    
1.149120e+007    6.708894e+005  7.496032e+005  0.000000e+000    1.265643e+011  -9.481313e+010  0.000000e+000    1.252034e+011  -1.023547e+011  0.000000e+000    
1.157760e+007    6.832256e+005  7.557109e+005  0.000000e+000    1.250951e+011  -9.682529e+010  0.000000e+000    1.237336e+011  -1.042935e+011  0.000000e+000    
1.166400e+007    6.956573e+005  7.617446e+005  0.000000e+000    1.235944e+011  -9.881308e+010  0.000000e+000    1.222347e+011  -1.062079e+011  0.000000e+000    
1.175040e+007    7.081834e+005  7.677029e+005  0.000000e+000    1.220626e+011  -1.007760e+011  0.000000e+000    1.207072e+011  -1.080972e+011  0.000000e+000    
1.183680e+007    7.208025e+005  7.735843e+005  0.000000e+000    1.205001e+011  -1.027136e+011  0.000000e+000    1.191514e+011  -1.099612e+011  0.000000e+000    
1.192320e+007    7.335133e+005  7.793873e+005  0.000000e+000    1.189074e+011  -1.046255e+011  0.000000e+000    1.175677e+011  -1.117994e+011  0.000000e+000    
1.200960e+007    7.463146e+005  7.851108e+005  0.000000e+000    1.172849e+011  -1.065111e+011  0.000000e+000    1.159567e+011  -1.136114e+011  0.000000e+000    
1.209600e+007    7.592051e+005  7.907531e+005  0.000000e+000    1.156329e+011  -1.083700e+011  0.000000e+000    1.143186e+011  -1.153970e+011  0.000000e+000    
1.218240e+007    7.721834e+005  7.963131e+005  0.000000e+000    1.139521e+011  -1.102018e+011  0.000000e+000    1.126540e+011  -1.171557e+011  0.000000e+000    
1.226880e+007    7.852481e+005  8.017895e+005  0.000000e+000    1.122427e+011  -1.120060e+011  0.000000e+000    1.109632e+011  -1.188871e+011  0.000000e+000    
1.235520e+007    7.983980e+005  8.071808e+005  0.000000e+000    1.105053e+011  -1.137823e+011  0.000000e+000    1.092468e+011  -1.205909e+011  0.000000e+000    
1.244160e+007    8.116315e+005  8.124859e+005  0.000000e+000    1.087403e+011  -1.155301e+011  0.000000e+000    1.075050e+011  -1.222668e+011  0.000000e+000    
1.252800e+007    8.249474e+005  8.177034e+005  0.000000e+000    1.069481e+011  -1.172491e+011  0.000000e+000    1.057385e+011  -1.239144e+011  0.000000e+000    
1.261440e+007    8.383441e+005  8.228322e+005  0.000000e+000    1.051293e+011  -1.189389e+011  0.000000e+000    1.039476e+011  -1.255333e+011  0.000000e+000    
1.270080e+007    8.518203e+005  8.278711e+005  0.000000e+000    1.032843e+011  -1.205990e+011  0.000000e+000    1.021328e+011  -1.271233e+011  0.000000e+000    
1.278720e+007    8.653745e+005  8.328189e+005  0.000000e+000    1.014136e+011  -1.222292e+011  0.000000e+000    1.002946e+011  -1.286840e+011  0.000000e+000    
1.287360e+007    8.790051e+005  8.376744e+005  0.000000e+000    9.951770e+010  -1.238289e+011  0.000000e+000    9.843333e+010  -1.302152e+011  0.000000e+000    
1.296000e+007    8.927108e+005  8.424364e+005  0.000000e+000    9.759705e+010  -1.253979e+011  0.000000e+000    9.654954e+010  -1.317164e+011  0.000000e+000    
1.304640e+007    9.064900e+005  8.471040e+005  0.000000e+000    9.565216e+010  -1.269357e+011  0.000000e+000    9.464368e+010  -1.331874e+011  0.000000e+000    
1.313280e+007    9.203412e+005  8.516759e+005  0.000000e+000    9.368353e+010  -1.284420e+011  0.000000e+000    9.271621e+010  -1.346279e+011  0.000000e+000    
1.321920e+007    9.342629e+005  8.561511e+005  0.000000e+000    9.169168e+010  -1.299165e+011  0.000000e+000    9.076760e+010  -1.360377e+011  0.000000e+000    
1.330560e+007    9.482535e+005  8.605286e+005  0.000000e+000    8.967710e+010  -1.313588e+011  0.000000e+000    8.879832e+010  -1.374163e+011  0.000000e+000    
1.339200e+007    9.623115e+005  8.648074e+005  0.000000e+000    8.764031e+010  -1.327685e+011  0.000000e+000    8.680885e+010  -1.387637e+011  0.000000e+000    
1.347840e+007    9.764353e+005  8.689865e+005  0.000000e+000    8.558183e+010  -1.341454e+011  0.000000e+000    8.479968e+010  -1.400794e+011  0.000000e+000    
1.356480e+007    9.906233e+005  8.730648e+005  0.000000e+000    8.350219e+010  -1.354892e+011  0.000000e+000    8.277126e+010  -1.413632e+011  0.000000e+000    
1.365120e+007    1.004874e+006  8.770415e+005  0.000000e+000    8.140191e+010  -1.367994e+011  0.000000e+000    8.072410e+010  -1.426150e+011  0.000000e+000    
1.373760e+007    1.019185e+006  8.809157e+005  0.000000e+000    7.928153e+010  -1.380758e+011  0.000000e+000    7.865867e+010  -1.438343e+011  0.000000e+000    
1.382400e+007    1.033556e+006  8.846864e+005  0.000000e+000    7.714157e+010  -1.393182e+011  0.000000e+000    7.657546e+010  -1.450210e+011  0.000000e+000    
1.391040e+007    1.047985e+006  8.883528e+005  0.000000e+000    7.498258e+010  -1.405262e+011  0.000000e+000    7.447496e+010  -1.461749e+011  0.000000e+000    
1.399680e+007    1.062470e+006  8.919140e+005  0.000000e+000    7.280511e+010  -1.416995e+011  0.000000e+000    7.235767e+010  -1.472957e+011  0.000000e+000    
1.408320e+007    1.077009e+006  8.953693e+005  0.000000e+000    7.060969e+010  -1.428380e+011  0.000000e+000    7.022406e+010  -1.483832e+011  0.000000e+000    
1.416960e+007    1.091601e+006  8.987177e+005  0.000000e+000    6.839688e+010  -1.439412e+011  0.000000e+000    6.807465e+010  -1.494372e+011  0.000000e+000    
1.425600e+007    1.106244e+006  9.019587e+005  0.000000e+000    6.616723e+010  -1.450090e+011  0.000000e+000    6.590993e+010  -1.504574e+011  0.000000e+000    
1.434240e+007    1.120936e+006  9.050913e+005  0.000000e+000    6.392130e+010  -1.460412e+011  0.000000e+000    6.373040e+010  -1.514438e+011  0.000000e+000    
1.442880e+007    1.135676e+006  9.081150e+005  0.000000e+000    6.165966e+010  -1.470374e+011  0.000000e+000    6.153655e+010  -1.523960e+011  0.000000e+000    
1.451520e+007    1.150462e+006  9.110289e+005  0.000000e+000    5.938285e+010  -1.479975e+011  0.000000e+000    5.932889e+010  -1.533139e+011  0.000000e+000    
1.460160e+007    1.165293e+006  9.138325e+005  0.000000e+000    5.709146e+010  -1.489212e+011  0.000000e+000    5.710793e+010  -1.541973e+011  0.000000e+000    
1.468800e+007    1.180165e+006  9.165252e+005  0.000000e+000    5.478604e+010  -1.498083e+011  0.000000e+000    5.487417e+010  -1.550461e+011  0.000000e+000    
1.477440e+007    1.195079e+006  9.191062e+005  0.000000e+000    5.246718e+010  -1.506587e+011  0.000000e+000    5.262812e+010  -1.558600e+011  0.000000e+000    
1.486080e+007    1.210032e+006  9.215750e+005  0.000000e+000    5.013544e+010  -1.514721e+011  0.000000e+000    5.037029e+010  -1.566389e+011  0.000000e+000    
1.494720e+007    1.225022e+006  9.239310e+005  0.000000e+000    4.779140e+010  -1.522483e+011  0.000000e+000    4.810118e+010  -1.573827e+011  0.000000e+000    
1.503360e+007    1.240047e+006  9.261738e+005  0.000000e+000    4.543564e+010  -1.529872e+011  0.000000e+000    4.582132e+010  -1.580911e+011  0.000000e+000    
1.512000e+007    1.255107e+006  9.283028e+005  0.000000e+000    4.306875e+010  -1.536886e+011  0.000000e+000    4.353121e+010  -1.587642e+011  0.000000e+000    
1.520640e+007    1.270198e+006  9.303174e+005  0.000000e+000    4.069130e+010  -1.543524e+011  0.000000e+000    4.123136e+010  -1.594017e+011  0.000000e+000    
1.529280e+007    1.285320e+006  9.322174e+005  0.000000e+000    3.830388e+010  -1.549783e+011  0.000000e+000    3.892230e+010  -1.600034e+011  0.000000e+000    
1.537920e+007    1.300470e+006  9.340021e+005  0.000000e+000    3.590709e+010  -1.555663e+011  0.000000e+000    3.660455e+010  -1.605694e+011  0.000000e+000    
1.546560e+007    1.315647e+006  9.356713e+005  0.000000e+000    3.350150e+010  -1.561162e+011  0.000000e+000    3.427861e+010  -1.610994e+011  0.000000e+000    
1.555200e+007    1.330848e+006  9.372245e+005  0.000000e+000    3.108771e+010  -1.566279e+011  0.000000e+000    3.194500e+010  -1.615934e+011  0.000000e+000    
1.563840e+007    1.346073e+006  9.386615e+005  0.000000e+000    2.866632e+010  -1.571013e+011  0.000000e+000    2.960426e+010  -1.620512e+011  0.000000e+000    
1.572480e+007    1.361319e+006  9.399817e+005  0.000000e+000    2.623792e+010  -1.575362e+011  0.000000e+000    2.725690e+010  -1.624728e+011  0.000000e+000    
1.581120e+007    1.376584e+006  9.411851e+005  0.000000e+000    2.380309e+010  -1.579326e+011  0.000000e+000    2.490344e+010  -1.628581e+011  0.000000e+000    
1.589760e+007    1.391867e+006  9.422713e+005  0.000000e+000    2.136245e+010  -1.582904e+011  0.000000e+000    2.254440e+010  -1.632070e+011  0.000000e+000    
1.598400e+007    1.407166e+006  9.432400e+005  0.000000e+000    1.891659e+010  -1.586095e+011  0.000000e+000    2.018032e+010  -1.635194e+011  0.000000e+000    
1.607040e+007    1.422479e+006  9.440910e+005  0.000000e+000    1.646610e+010  -1.588898e+011  0.000000e+000    1.781171e+010  -1.637952e+011  0.000000e+000    
1.615680e+007    1.437805e+006  9.448242e+005  0.000000e+000    1.401158e+010  -1.591312e+011  0.000000e+000    1.543910e+010  -1.640345e+011  0.000000e+000    
1.624320e+007    1.453140e+006  9.454393e+005  0.000000e+000    1.155365e+010  -1.593338e+011  0.000000e+000    1.306302e+010  -1.642371e+011  0.000000e+000    
1.632960e+007    1.468485e+006  9.459363e+005  0.000000e+000    9.092885e+009  -1.594974e+011  0.000000e+000    1.068400e+010  -1.644030e+011  0.000000e+000    
1.641600e+007    1.483835e+006  9.463151e+005  0.000000e+000    6.629904e+009  -1.596221e+011  0.000000e+000    8.302564e+009  -1.645322e+011  0.000000e+000    
1.650240e+007    1.499191e+006  9.465754e+005  0.000000e+000    4.165303e+009  -1.597077e+011  0.000000e+000    5.919241e+009  -1.646246e+011  0.000000e+000    
1.658880e+007    1.514550e+006  9.467174e+005  0.000000e+000    1.699685e+009  -1.597544e+011  0.000000e+000    3.534563e+009  -1.646802e+011  0.000000e+000    
1.667520e+007    1.529911e+006  9.467409e+005  0.000000e+000    -7.663473e+008  -1.597620e+011  0.000000e+000    1.149060e+009  -1.646990e+011  0.000000e+000    
1.676160e+007    1.545270e+006  9.466459e+005  0.000000e+000    -3.232191e+009  -1.597305e+011  0.000000e+000    -1.236738e+009  -1.646809e+011  0.000000e+000    
1.684800e+007    1.560628e+006  9.464325e+005  0.000000e+000    -5.697245e+009  -1.596601e+011  0.000000e+000    -3.622298e+009  -1.646260e+011  0.000000e+000    
1.693440e+007    1.575981e+006  9.461007e+005  0.000000e+000    -8.160906e+009  -1.595506e+011  0.000000e+000    -6.007090e+009  -1.645343e+011  0.000000e+000    
1.702080e+007    1.591328e+006  9.456506e+005  0.000000e+000    -1.062257e+010  -1.594022e+011  0.000000e+000    -8.390580e+009  -1.644058e+011  0.000000e+000    
1.710720e+007    1.606667e+006  9.450823e+005  0.000000e+000    -1.308164e+010  -1.592147e+011  0.000000e+000    -1.077224e+010  -1.642405e+011  0.000000e+000    
1.719360e+007    1.621997e+006  9.443959e+005  0.000000e+000    -1.553751e+010  -1.589884e+011  0.000000e+000    -1.315153e+010  -1.640383e+011  0.000000e+000    
1.728000e+007    1.637315e+006  9.435916e+005  0.000000e+000    -1.798958e+010  -1.587232e+011  0.000000e+000    -1.552792e+010  -1.637994e+011  0.000000e+000    
1.736640e+007    1.652619e+006  9.426696e+005  0.000000e+000    -2.043726e+010  -1.584193e+011  0.000000e+000    -1.790087e+010  -1.635238e+011  0.000000e+000    
1.745280e+007    1.667909e+006  9.416300e+005  0.000000e+000    -2.287993e+010  -1.580766e+011  0.000000e+000    -2.026986e+010  -1.632115e+011  0.000000e+000    
1.753920e+007    1.683182e+006  9.404731e+005  0.000000e+000    -2.531702e+010  -1.576952e+011  0.000000e+000    -2.263435e+010  -1.628626e+011  0.000000e+000    
1.762560e+007    1.698436e+006  9.391992e+005  0.000000e+000    -2.774790e+010  -1.572753e+011  0.000000e+000    -2.499381e+010  -1.624770e+011  0.000000e+000    
1.771200e+007    1.713669e+006  9.378085e+005  0.000000e+000    -3.017200e+010  -1.568169e+011  0.000000e+000    -2.734770e+010  -1.620550e+011  0.000000e+000    
1.779840e+007    1.728880e+006  9.363014e+005  0.000000e+000    -3.258872e+010  -1.563202e+011  0.000000e+000    -2.969549e+010  -1.615965e+011  0.000000e+000    
1.788480e+007    1.744067e+006  9.346782e+005  0.000000e+000    -3.499746e+010  -1.557851e+011  0.000000e+000    -3.203666e+010  -1.611017e+011  0.000000e+000    
1.797120e+007    1.759227e+006  9.329392e+005  0.000000e+000    -3.739764e+010  -1.552120e+011  0.000000e+000    -3.437065e+010  -1.605705e+011  0.000000e+000    
1.805760e+007    1.774360e+006  9.310850e+005  0.000000e+000    -3.978866e+010  -1.546009e+011  0.000000e+000    -3.669695e+010  -1.600031e+011  0.000000e+000    
1.814400e+007    1.789464e+006  9.291158e+005  0.000000e+000    -4.216993e+010  -1.539519e+011  0.000000e+000    -3.901503e+010  -1.593997e+011  0.000000e+000    
1.823040e+007    1.804536e+006  9.270321e+005  0.000000e+000    -4.454087e+010  -1.532651e+011  0.000000e+000    -4.132434e+010  -1.587602e+011  0.000000e+000    
1.831680e+007    1.819575e+006  9.248345e+005  0.000000e+000    -4.690089e+010  -1.525409e+011  0.000000e+000    -4.362436e+010  -1.580849e+011  0.000000e+000    
1.840320e+007    1.834580e+006  9.225234e+005  0.000000e+000    -4.924942e+010  -1.517792e+011  0.000000e+000    -4.591457e+010  -1.573737e+011  0.000000e+000    
1.848960e+007    1.849547e+006  9.200993e+005  0.000000e+000    -5.158587e+010  -1.509803e+011  0.000000e+000    -4.819443e+010  -1.566270e+011  0.000000e+000    
1.857600e+007    1.864476e+006  9.175627e+005  0.000000e+000    -5.390966e+010  -1.501444e+011  0.000000e+000    -5.046341e+010  -1.558447e+011  0.000000e+000    
1.866240e+007    1.879366e+006  9.149144e+005  0.000000e+000    -5.622022e+010  -1.492716e+011  0.000000e+000    -5.272098e+010  -1.550270e+011  0.000000e+000    
1.874880e+007    1.894213e+006  9.121548e+005  0.000000e+000    -5.851698e+010  -1.483622e+011  0.000000e+000    -5.496663e+010  -1.541741e+011  0.000000e+000    
1.883520e+007    1.909017e+006  9.092846e+005  0.000000e+000    -6.079936e+010  -1.474164e+011  0.000000e+000    -5.719982e+010  -1.532860e+011  0.000000e+000    
1.892160e+007    1.923775e+006  9.063044e+005  0.000000e+000    -6.306681e+010  -1.464343e+011  0.000000e+000    -5.942003e+010  -1.523631e+011  0.000000e+000    
1.900800e+007    1.938486e+006  9.032150e+005  0.000000e+000    -6.531874e+010  -1.454162e+011  0.000000e+000    -6.162673e+010  -1.514054e+011  0.000000e+000    
1.909440e+007    1.953149e+006  9.000170e+005  0.000000e+000    -6.755462e+010  -1.443624e+011  0.000000e+000    -6.381941e+010  -1.504131e+011  0.000000e+000    
1.918080e+007    1.967761e+006  8.967112e+005  0.000000e+000    -6.977387e+010  -1.432730e+011  0.000000e+000    -6.599754e+010  -1.493864e+011  0.000000e+000    
1.926720e+007    1.982322e+006  8.932983e+005  0.000000e+000    -7.197594e+010  -1.421484e+011  0.000000e+000    -6.816060e+010  -1.483255e+011  0.000000e+000    
1.935360e+007    1.996828e+006  8.897791e+005  0.000000e+000    -7.416028e+010  -1.409887e+011  0.000000e+000    -7.030808e+010  -1.472306e+011  0.000000e+000    
1.944000e+007    2.011279e+006  8.861545e+005  0.000000e+000    -7.632634e+010  -1.397943e+011  0.000000e+000    -7.243946e+010  -1.461019e+011  0.000000e+000    
1.952640e+007    2.025673e+006  8.824252e+005  0.000000e+000    -7.847358e+010  -1.385655e+011  0.000000e+000    -7.455423e+010  -1.449395e+011  0.000000e+000    
1.961280e+007    2.040008e+006  8.785921e+005  0.000000e+000    -8.060146e+010  -1.373024e+011  0.000000e+000    -7.665186e+010  -1.437437e+011  0.000000e+000    
1.969920e+007    2.054283e+006  8.746560e+005  0.000000e+000    -8.270943e+010  -1.360055e+011  0.000000e+000    -7.873186e+010  -1.425148e+011  0.000000e+000    
1.978560e+007    2.068496e+006  8.706180e+005  0.000000e+000    -8.479698e+010  -1.346749e+011  0.000000e+000    -8.079371e+010  -1.412529e+011  0.000000e+000    
1.987200e+007    2.082645e+006  8.664790e+005  0.000000e+000    -8.686356e+010  -1.333111e+011  0.000000e+000    -8.283690e+010  -1.399583e+011  0.000000e+000    
1.995840e+007    2.096730e+006  8.622398e+005  0.000000e+000    -8.890866e+010  -1.319143e+011  0.000000e+000    -8.486093e+010  -1.386313e+011  0.000000e+000    
2.004480e+007    2.110747e+006  8.579014e+005  0.000000e+000    -9.093175e+010  -1.304848e+011  0.000000e+000    -8.686530e+010  -1.372720e+011  0.000000e+000    
2.013120e+007    2.124696e+006  8.534650e+005  0.000000e+000    -9.293232e+010  -1.290230e+011  0.000000e+000    -8.884949e+010  -1.358808e+011  0.000000e+000    
2.021760e+007    2.138575e+006  8.489315e+005  0.000000e+000    -9.490986e+010  -1.275293e+011  0.000000e+000    -9.081303e+010  -1.344580e+011  0.000000e+000    
2.030400e+007    2.152383e+006  8.443019e+005  0.000000e+000    -9.686386e+010  -1.260039e+011  0.000000e+000    -9.275541e+010  -1.330037e+011  0.000000e+000    
2.039040e+007    2.166118e+006  8.395774e+005  0.000000e+000    -9.879382e+010  -1.244473e+011  0.000000e+000    -9.467613e+010  -1.315183e+011  0.000000e+000    
2.047680e+007    2.179779e+006  8.347590e+005  0.000000e+000    -1.006992e+011  -1.228597e+011  0.000000e+000    -9.657470e+010  -1.300021e+011  0.000000e+000    
2.056320e+007    2.193363e+006  8.298479e+005  0.000000e+000    -1.025796e+011  -1.212416e+011  0.000000e+000    -9.845065e+010  -1.284553e+011  0.000000e+000    
2.064960e+007    2.206871e+006  8.248452e+005  0.000000e+000    -1.044345e+011  -1.195934e+011  0.000000e+000    -1.003035e+011  -1.268783e+011  0.000000e+000    
2.073600e+007    2.220299e+006  8.197521e+005  0.000000e+000    -1.062634e+011  -1.179154e+011  0.000000e+000    -1.021327e+011  -1.252714e+011  0.000000e+000    
2.082240e+007    2.233647e+006  8.145698e+005  0.000000e+000    -1.080658e+011  -1.162080e+011  0.000000e+000    -1.039378e+011  -1.236349e+011  0.000000e+000    
2.090880e+007    2.246913e+006  8.092995e+005  0.000000e+000    -1.098413e+011  -1.144716e+011  0.000000e+000    -1.057184e+011  -1.219691e+011  0.000000e+000    
2.099520e+007    2.260097e+006  8.039424e+005  0.000000e+000    -1.115893e+011  -1.127067e+011  0.000000e+000    -1.074740e+011  -1.202744e+011  0.000000e+000    
2.108160e+007    2.273195e+006  7.984999e+005  0.000000e+000    -1.133095e+011  -1.109136e+011  0.000000e+000    -1.092040e+011  -1.185511e+011  0.000000e+000    
2.116800e+007    2.286208e+006  7.929732e+005  0.000000e+000    -1.150014e+011  -1.090928e+011  0.000000e+000    -1.109081e+011  -1.167996e+011  0.000000e+000    
2.125440e+007    2.299133e+006  7.873635e+005  0.000000e+000    -1.166645e+011  -1.072448e+011  0.000000e+000    -1.125858e+011  -1.150202e+011  0.000000e+000    
2.134080e+007    2.311970e+006  7.816723e+005  0.000000e+000    -1.182983e+011  -1.053698e+011  0.000000e+000    -1.142366e+011  -1.132132e+011  0.000000e+000    
2.142720e+007    2.324717e+006  7.759009e+005  0.000000e+000    -1.199026e+011  -1.034685e+011  0.000000e+000    -1.158600e+011  -1.113791e+011  0.000000e+000    
2.151360e+007    2.337373e+006  7.700507e+005  0.000000e+000    -1.214767e+011  -1.015412e+011  0.000000e+000    -1.174557e+011  -1.095183e+011  0.000000e+000    
2.160000e+007    2.349936e+006  7.641230e+005  0.000000e+000    -1.230204e+011  -9.958843e+010  0.000000e+000    -1.190231e+011  -1.076311e+011  0.000000e+000    
2.168640e+007    2.362405e+006  7.581193e+005  0.000000e+000    -1.245332e+011  -9.761063e+010  0.000000e+000    -1.205618e+011  -1.057178e+011  0.000000e+000    
2.177280e+007    2.374779e+006  7.520410e+005  0.000000e+000    -1.260146e+011  -9.560828e+010  0.000000e+000    -1.220714e+011  -1.037790e+011  0.000000e+000    
2.185920e+007    2.387058e+006  7.458895e+005  0.000000e+000    -1.274643e+011  -9.358186e+010  0.000000e+000    -1.235514e+011  -1.018151e+011  0.000000e+000    
2.194560e+007    2.399238e+006  7.396665e+005  0.000000e+000    -1.288819e+011  -9.153186e+010  0.000000e+000    -1.250015e+011  -9.982635e+010  0.000000e+000    
2.203200e+007    2.411320e+006  7.333732e+005  0.000000e+000    -1.302670e+011  -8.945878e+010  0.000000e+000    -1.264212e+011  -9.781329e+010  0.000000e+000    
2.211840e+007    2.423302e+006  7.270114e+005  0.000000e+000    -1.316192e+011  -8.736311e+010  0.000000e+000    -1.278100e+011  -9.577635e+010  0.000000e+000    
2.220480e+007    2.435183e+006  7.205824e+005  0.000000e+000    -1.329381e+011  -8.524536e+010  0.000000e+000    -1.291676e+011  -9.371595e+010  0.000000e+000    
2.229120e+007    2.446962e+006  7.140879e+005  0.000000e+000    -1.342234e+011  -8.310605e+010  0.000000e+000    -1.304935e+011  -9.163254e+010  0.000000e+000    
2.237760e+007    2.458638e+006  7.075294e+005  0.000000e+000    -1.354747e+011  -8.094569e+010  0.000000e+000    -1.317874e+011  -8.952658e+010  0.000000e+000    
2.246400e+007    2.470210e+006  7.009086e+005  0.000000e+000    -1.366917e+011  -7.876482e+010  0.000000e+000    -1.330488e+011  -8.739854e+010  0.000000e+000    
2.255040e+007    2.481677e+006  6.942270e+005  0.000000e+000    -1.378739e+011  -7.656396e+010  0.000000e+000    -1.342773e+011  -8.524888e+010  0.000000e+000    
2.263680e+007    2.493037e+006  6.874863e+005  0.000000e+000    -1.390212e+011  -7.434365e+010  0.000000e+000    -1.354727e+011  -8.307807e+010  0.000000e+000    
2.272320e+007    2.504290e+006  6.806881e+005  0.000000e+000    -1.401331e+011  -7.210443e+010  0.000000e+000    -1.366344e+011  -8.088662e+010  0.000000e+000    
2.280960e+007    2.515434e+006  6.738342e+005  0.000000e+000    -1.412093e+011  -6.984687e+010  0.000000e+000    -1.377621e+011  -7.867500e+010  0.000000e+000    
2.289600e+007    2.526470e+006  6.669261e+005  0.000000e+000    -1.422496e+011  -6.757151e+010  0.000000e+000    -1.388555e+011  -7.644371e+010  0.000000e+000    
2.298240e+007    2.537395e+006  6.599656e+005  0.000000e+000    -1.432535e+011  -6.527890e+010  0.000000e+000    -1.399141e+011  -7.419328e+010  0.000000e+000    
2.306880e+007    2.548209e+006  6.529544e+005  0.000000e+000    -1.442209e+011  -6.296963e+010  0.000000e+000    -1.409376e+011  -7.192420e+010  0.000000e+000    
2.315520e+007    2.558912e+006  6.458942e+005  0.000000e+000    -1.451514e+011  -6.064427e+010  0.000000e+000    -1.419257e+011  -6.963700e+010  0.000000e+000    
2.324160e+007    2.569501e+006  6.387868e+005  0.000000e+000    -1.460448e+011  -5.830338e+010  0.000000e+000    -1.428780e+011  -6.733221e+010  0.000000e+000    
2.332800e+007    2.579977e+006  6.316340e+005  0.000000e+000    -1.469007e+011  -5.594755e+010  0.000000e+000    -1.437942e+011  -6.501037e+010  0.000000e+000    
2.341440e+007    2.590339e+006  6.244376e+005  0.000000e+000    -1.477190e+011  -5.357738e+010  0.000000e+000    -1.446740e+011  -6.267202e+010  0.000000e+000    
2.350080e+007    2.600585e+006  6.171993e+005  0.000000e+000    -1.484993e+011  -5.119344e+010  0.000000e+000    -1.455170e+011  -6.031770e+010  0.000000e+000    
2.358720e+007    2.610716e+006  6.099209e+005  0.000000e+000    -1.492414e+011  -4.879635e+010  0.000000e+000    -1.463229e+011  -5.794798e+010  0.000000e+000    
2.367360e+007    2.620730e+006  6.026043e+005  0.000000e+000    -1.499452e+011  -4.638670e+010  0.000000e+000    -1.470914e+011  -5.556341e+010  0.000000e+000    
2.376000e+007    2.630626e+006  5.952513e+005  0.000000e+000    -1.506103e+011  -4.396509e+010  0.000000e+000    -1.478222e+011  -5.316458e+010  0.000000e+000    
2.384640e+007    2.640405e+006  5.878638e+005  0.000000e+000    -1.512365e+011  -4.153215e+010  0.000000e+000    -1.485151e+011  -5.075205e+010  0.000000e+000    
2.393280e+007    2.650065e+006  5.804437e+005  0.000000e+000    -1.518237e+011  -3.908848e+010  0.000000e+000    -1.491696e+011  -4.832641e+010  0.000000e+000    
2.401920e+007    2.659606e+006  5.729927e+005  0.000000e+000    -1.523716e+011  -3.663470e+010  0.000000e+000    -1.497857e+011  -4.588825e+010  0.000000e+000    
2.410560e+007    2.669027e+006  5.655129e+005  0.000000e+000    -1.528801e+011  -3.417144e+010  0.000000e+000    -1.503629e+011  -4.343817e+010  0.000000e+000    
2.419200e+007    2.678328e+006  5.580061e+005  0.000000e+000    -1.533489e+011  -3.169932e+010  0.000000e+000    -1.509011e+011  -4.097677e+010  0.000000e+000    
2.427840e+007    2.687508e+006  5.504742e+005  0.000000e+000    -1.537780e+011  -2.921898e+010  0.000000e+000    -1.513999e+011  -3.850466e+010  0.000000e+000    
2.436480e+007    2.696567e+006  5.429192e+005  0.000000e+000    -1.541671e+011  -2.673105e+010  0.000000e+000    -1.518592e+011  -3.602246e+010  0.000000e+000    
2.445120e+007    2.705504e+006  5.353430e+005  0.000000e+000    -1.545161e+011  -2.423617e+010  0.000000e+000    -1.522787e+011  -3.353079e+010  0.000000e+000    
2.453760e+007    2.714319e+006  5.277475e+005  0.000000e+000    -1.548249e+011  -2.173498e+010  0.000000e+000    -1.526582e+011  -3.103027e+010  0.000000e+000    
2.462400e+007    2.723011e+006  5.201348e+005  0.000000e+000    -1.550933e+011  -1.922812e+010  0.000000e+000    -1.529974e+011  -2.852155e+010  0.000000e+000    
2.471040e+007    2.731580e+006  5.125067e+005  0.000000e+000    -1.553213e+011  -1.671624e+010  0.000000e+000    -1.532962e+011  -2.600526e+010  0.000000e+000    
2.479680e+007    2.740026e+006  5.048652e+005  0.000000e+000    -1.555086e+011  -1.420000e+010  0.000000e+000    -1.535544e+011  -2.348204e+010  0.000000e+000    
2.488320e+007    2.748349e+006  4.972124e+005  0.000000e+000    -1.556552e+011  -1.168004e+010  0.000000e+000    -1.537718e+011  -2.095254e+010  0.000000e+000    
2.496960e+007    2.756547e+006  4.895501e+005  0.000000e+000    -1.557611e+011  -9.157017e+009  0.000000e+000    -1.539482e+011  -1.841744e+010  0.000000e+000    
2.505600e+007    2.764622e+006  4.818805e+005  0.000000e+000    -1.558261e+011  -6.631597e+009  0.000000e+000    -1.540835e+011  -1.587737e+010  0.000000e+000    
2.514240e+007    2.772572e+006  4.742055e+005  0.000000e+000    -1.558502e+011  -4.104436e+009  0.000000e+000    -1.541774e+011  -1.333302e+010  0.000000e+000    
2.522880e+007    2.780398e+006  4.665272e+005  0.000000e+000    -1.558333e+011  -1.576197e+009  0.000000e+000    -1.542300e+011  -1.078505e+010  0.000000e+000    
2.531520e+007    2.788099e+006  4.588475e+005  0.000000e+000    -1.557754e+011  9.524570e+008  0.000000e+000    -1.542409e+011  -8.234140e+009  0.000000e+000    
2.540160e+007    2.795675e+006  4.511684e+005  0.000000e+000    -1.556765e+011  3.480859e+009  0.000000e+000    -1.542102e+011  -5.680971e+009  0.000000e+000    
2.548800e+007    2.803127e+006  4.434921e+005  0.000000e+000    -1.555364e+011  6.008341e+009  0.000000e+000    -1.541376e+011  -3.126228e+009  0.000000e+000    
2.557440e+007    2.810454e+006  4.358205e+005  0.000000e+000    -1.553553e+011  8.534236e+009  0.000000e+000    -1.540231e+011  -5.706015e+008  0.000000e+000    
2.566080e+007    2.817656e+006  4.281557e+005  0.000000e+000    -1.551331e+011  1.105787e+010  0.000000e+000    -1.538667e+011  1.985215e+009  0.000000e+000    
2.574720e+007    2.824733e+006  4.204996e+005  0.000000e+000    -1.548697e+011  1.357858e+010  0.000000e+000    -1.536682e+011  4.540523e+009  0.000000e+000    
2.583360e+007    2.831686e+006  4.128545e+005  0.000000e+000    -1.545654e+011  1.609568e+010  0.000000e+000    -1.534275e+011  7.094621e+009  0.000000e+000    
2.592000e+007    2.838514e+006  4.052222e+005  0.000000e+000    -1.542199e+011  1.860852e+010  0.000000e+000    -1.531447e+011  9.646803e+009  0.000000e+000    
2.600640e+007    2.845217e+006  3.976048e+005  0.000000e+000    -1.538335e+011  2.111640e+010  0.000000e+000    -1.528196e+011  1.219636e+010  0.000000e+000    
2.609280e+007    2.851796e+006  3.900045e+005  0.000000e+000    -1.534062e+011  2.361867e+010  0.000000e+000    -1.524523e+011  1.474258e+010  0.000000e+000    
2.617920e+007    2.858251e+006  3.824231e+005  0.000000e+000    -1.529380e+011  2.611464e+010  0.000000e+000    -1.520427e+011  1.728475e+010  0.000000e+000    
2.626560e+007    2.864582e+006  3.748629e+005  0.000000e+000    -1.524289e+011  2.860364e+010  0.000000e+000    -1.515908e+011  1.982215e+010  0.000000e+000    
2.635200e+007    2.870789e+006  3.673257e+005  0.000000e+000    -1.518792e+011  3.108500e+010  0.000000e+000    -1.510967e+011  2.235406e+010  0.000000e+000    
2.643840e+007    2.876872e+006  3.598138e+005  0.000000e+000    -1.512889e+011  3.355805e+010  0.000000e+000    -1.505603e+011  2.487976e+010  0.000000e+000    
2.652480e+007    2.882833e+006  3.523290e+005  0.000000e+000    -1.506580e+011  3.602212e+010  0.000000e+000    -1.499817e+011  2.739852e+010  0.000000e+000    
2.661120e+007    2.888671e+006  3.448735e+005  0.000000e+000    -1.499868e+011  3.847653e+010  0.000000e+000    -1.493610e+011  2.990962e+010  0.000000e+000    
2.669760e+007    2.894387e+006  3.374493e+005  0.000000e+000    -1.492753e+011  4.092061e+010  0.000000e+000    -1.486982e+011  3.241233e+010  0.000000e+000    
2.678400e+007    2.899981e+006  3.300584e+005  0.000000e+000    -1.485237e+011  4.335370e+010  0.000000e+000    -1.479933e+011  3.490591e+010  0.000000e+000    
2.687040e+007    2.905453e+006  3.227028e+005  0.000000e+000    -1.477321e+011  4.577512e+010  0.000000e+000    -1.472465e+011  3.738965e+010  0.000000e+000    
2.695680e+007    2.910805e+006  3.153846e+005  0.000000e+000    -1.469008e+011  4.818422e+010  0.000000e+000    -1.464579e+011  3.986280e+010  0.000000e+000    
2.704320e+007    2.916036e+006  3.081059e+005  0.000000e+000    -1.460298e+011  5.058032e+010  0.000000e+000    -1.456275e+011  4.232464e+010  0.000000e+000    
2.712960e+007    2.921147e+006  3.008685e+005  0.000000e+000    -1.451195e+011  5.296277e+010  0.000000e+000    -1.447555e+011  4.477443e+010  0.000000e+000    
2.721600e+007    2.926139e+006  2.936745e+005  0.000000e+000    -1.441699e+011  5.533091e+010  0.000000e+000    -1.438421e+011  4.721144e+010  0.000000e+000    
2.730240e+007    2.931013e+006  2.865259e+005  0.000000e+000    -1.431813e+011  5.768407e+010  0.000000e+000    -1.428874e+011  4.963493e+010  0.000000e+000    
2.738880e+007    2.935769e+006  2.794248e+005  0.000000e+000    -1.421539e+011  6.002161e+010  0.000000e+000    -1.418915e+011  5.204419e+010  0.000000e+000    
2.747520e+007    2.940407e+006  2.723730e+005  0.000000e+000    -1.410880e+011  6.234287e+010  0.000000e+000    -1.408547e+011  5.443847e+010  0.000000e+000    
2.756160e+007    2.944930e+006  2.653726e+005  0.000000e+000    -1.399838e+011  6.464721e+010  0.000000e+000    -1.397772e+011  5.681705e+010  0.000000e+000    
2.764800e+007    2.949336e+006  2.584255e+005  0.000000e+000    -1.388415e+011  6.693397e+010  0.000000e+000    -1.386591e+011  5.917919e+010  0.000000e+000    
2.773440e+007    2.953628e+006  2.515337e+005  0.000000e+000    -1.376615e+011  6.920253e+010  0.000000e+000    -1.375007e+011  6.152418e+010  0.000000e+000    
2.782080e+007    2.957806e+006  2.446990e+005  0.000000e+000    -1.364439e+011  7.145223e+010  0.000000e+000    -1.363022e+011  6.385129e+010  0.000000e+000    
2.790720e+007    2.961870e+006  2.379235e+005  0.000000e+000    -1.351892e+011  7.368245e+010  0.000000e+000    -1.350639e+011  6.615979e+010  0.000000e+000    
2.799360e+007    2.965823e+006  2.312091e+005  0.000000e+000    -1.338975e+011  7.589255e+010  0.000000e+000    -1.337860e+011  6.844896e+010  0.000000e+000    
2.808000e+007    2.969664e+006  2.245576e+005  0.000000e+000    -1.325693e+011  7.808191e+010  0.000000e+000    -1.324689e+011  7.071810e+010  0.000000e+000    
2.816640e+007    2.973396e+006  2.179710e+005  0.000000e+000    -1.312047e+011  8.024991e+010  0.000000e+000    -1.311128e+011  7.296648e+010  0.000000e+000    
2.825280e+007    2.977017e+006  2.114511e+005  0.000000e+000    -1.298043e+011  8.239593e+010  0.000000e+000    -1.297180e+011  7.519340e+010  0.000000e+000    
2.833920e+007    2.980531e+006  2.049998e+005  0.000000e+000    -1.283683e+011  8.451937e+010  0.000000e+000    -1.282848e+011  7.739816e+010  0.000000e+000    
2.842560e+007    2.983938e+006  1.986189e+005  0.000000e+000    -1.268970e+011  8.661960e+010  0.000000e+000    -1.268137e+011  7.958004e+010  0.000000e+000    
2.851200e+007    2.987239e+006  1.923102e+005  0.000000e+000    -1.253909e+011  8.869605e+010  0.000000e+000    -1.253049e+011  8.173835e+010  0.000000e+000    
2.859840e+007    2.990434e+006  1.860756e+005  0.000000e+000    -1.238503e+011  9.074810e+010  0.000000e+000    -1.237589e+011  8.387241e+010  0.000000e+000    
2.868480e+007    2.993527e+006  1.799169e+005  0.000000e+000    -1.222756e+011  9.277517e+010  0.000000e+000    -1.221759e+011  8.598152e+010  0.000000e+000    
2.877120e+007    2.996516e+006  1.738358e+005  0.000000e+000    -1.206672e+011  9.477667e+010  0.000000e+000    -1.205565e+011  8.806500e+010  0.000000e+000    
2.885760e+007    2.999405e+006  1.678341e+005  0.000000e+000    -1.190255e+011  9.675204e+010  0.000000e+000    -1.189009e+011  9.012219e+010  0.000000e+000    
2.894400e+007    3.002194e+006  1.619136e+005  0.000000e+000    -1.173510e+011  9.870069e+010  0.000000e+000    -1.172097e+011  9.215240e+010  0.000000e+000    
2.903040e+007    3.004884e+006  1.560758e+005  0.000000e+000    -1.156440e+011  1.006221e+011  0.000000e+000    -1.154832e+011  9.415499e+010  0.000000e+000    
2.911680e+007    3.007477e+006  1.503226e+005  0.000000e+000    -1.139051e+011  1.025156e+011  0.000000e+000    -1.137220e+011  9.612929e+010  0.000000e+000    
2.920320e+007    3.009974e+006  1.446557e+005  0.000000e+000    -1.121346e+011  1.043808e+011  0.000000e+000    -1.119265e+011  9.807465e+010  0.000000e+000    
2.928960e+007    3.012377e+006  1.390765e+005  0.000000e+000    -1.103331e+011  1.062170e+011  0.000000e+000    -1.100971e+011  9.999044e+010  0.000000e+000    
2.937600e+007    3.014686e+006  1.335869e+005  0.000000e+000    -1.085009e+011  1.080238e+011  0.000000e+000    -1.082344e+011  1.018760e+011  0.000000e+000    
2.946240e+007    3.016904e+006  1.281884e+005  0.000000e+000    -1.066386e+011  1.098006e+011  0.000000e+000    -1.063388e+011  1.037308e+011  0.000000e+000    
2.954880e+007    3.019032e+006  1.228825e+005  0.000000e+000    -1.047467e+011  1.115469e+011  0.000000e+000    -1.044109e+011  1.055541e+011  0.000000e+000    
2.963520e+007    3.021072e+006  1.176709e+005  0.000000e+000    -1.028257e+011  1.132621e+011  0.000000e+000    -1.024513e+011  1.073453e+011  0.000000e+000    
2.972160e+007    3.023024e+006  1.125551e+005  0.000000e+000    -1.008760e+011  1.149459e+011  0.000000e+000    -1.004604e+011  1.091040e+011  0.000000e+000    
2.980800e+007    3.024891e+006  1.075365e+005  0.000000e+000    -9.889830e+010  1.165976e+011  0.000000e+000    -9.843882e+010  1.108293e+011  0.000000e+000    
2.989440e+007    3.026674e+006  1.026167e+005  0.000000e+000    -9.689298e+010  1.182168e+011  0.000000e+000    -9.638716e+010  1.125209e+011  0.000000e+000    
2.998080e+007    3.028375e+006  9.779713e+004  0.000000e+000    -9.486062e+010  1.198030e+011  0.000000e+000    -9.430597e+010  1.141781e+011  0.000000e+000    
3.006720e+007    3.029996e+006  9.307918e+004  0.000000e+000    -9.280178e+010  1.213558e+011  0.000000e+000    -9.219587e+010  1.158003e+011  0.000000e+000    
3.015360e+007    3.031537e+006  8.846426e+004  0.000000e+000    -9.071700e+010  1.228747e+011  0.000000e+000    -9.005745e+010  1.173871e+011  0.000000e+000    
3.024000e+007    3.033002e+006  8.395376e+004  0.000000e+000    -8.860686e+010  1.243592e+011  0.000000e+000    -8.789133e+010  1.189379e+011  0.000000e+000    
3.032640e+007    3.034391e+006  7.954900e+004  0.000000e+000    -8.647192e+010  1.258089e+011  0.000000e+000    -8.569816e+010  1.204521e+011  0.000000e+000    
3.041280e+007    3.035706e+006  7.525131e+004  0.000000e+000    -8.431277e+010  1.272233e+011  0.000000e+000    -8.347857e+010  1.219293e+011  0.000000e+000    
3.049920e+007    3.036950e+006  7.106196e+004  0.000000e+000    -8.212998e+010  1.286022e+011  0.000000e+000    -8.123322e+010  1.233689e+011  0.000000e+000    
3.058560e+007    3.038123e+006  6.698220e+004  0.000000e+000    -7.992417e+010  1.299449e+011  0.000000e+000    -7.896277e+010  1.247705e+011  0.000000e+000    
3.067200e+007    3.039229e+006  6.301325e+004  0.000000e+000    -7.769592e+010  1.312512e+011  0.000000e+000    -7.666791e+010  1.261336e+011  0.000000e+000    
3.075840e+007    3.040268e+006  5.915630e+004  0.000000e+000    -7.544586e+010  1.325206e+011  0.000000e+000    -7.434931e+010  1.274577e+011  0.000000e+000    
3.084480e+007    3.041243e+006  5.541251e+004  0.000000e+000    -7.317460e+010  1.337528e+011  0.000000e+000    -7.200768e+010  1.287424e+011  0.000000e+000    
3.093120e+007    3.042155e+006  5.178300e+004  0.000000e+000    -7.088276e+010  1.349474e+011  0.000000e+000    -6.964373e+010  1.299872e+011  0.000000e+000    
3.101760e+007    3.043006e+006  4.826886e+004  0.000000e+000    -6.857098e+010  1.361040e+011  0.000000e+000    -6.725817e+010  1.311918e+011  0.000000e+000    
3.110400e+007    3.043799e+006  4.487115e+004  0.000000e+000    -6.623990e+010  1.372223e+011  0.000000e+000    -6.485172e+010  1.323557e+011  0.000000e+000    
3.119040e+007    3.044535e+006  4.159089e+004  0.000000e+000    -6.389017e+010  1.383020e+011  0.000000e+000    -6.242513e+010  1.334785e+011  0.000000e+000    
3.127680e+007    3.045217e+006  3.842906e+004  0.000000e+000    -6.152243e+010  1.393427e+011  0.000000e+000    -5.997913e+010  1.345599e+011  0.000000e+000    
3.136320e+007    3.045845e+006  3.538664e+004  0.000000e+000    -5.913735e+010  1.403441e+011  0.000000e+000    -5.751447e+010  1.355994e+011  0.000000e+000    
3.144960e+007    3.046423e+006  3.246452e+004  0.000000e+000    -5.673558e+010  1.413059e+011  0.000000e+000    -5.503192e+010  1.365968e+011  0.000000e+000    
3.153600e+007    3.046953e+006  2.966360e+004  0.000000e+000    -5.431780e+010  1.422279e+011  0.000000e+000    -5.253225e+010  1.375517e+011  0.000000e+000    
3.162240e+007    3.047435e+006  2.698473e+004  0.000000e+000    -5.188469e+010  1.431097e+011  0.000000e+000    -5.001622e+010  1.384638e+011  0.000000e+000    
3.170880e+007    3.047873e+006  2.442871e+004  0.000000e+000    -4.943691e+010  1.439510e+011  0.000000e+000    -4.748462e+010  1.393327e+011  0.000000e+000    
3.179520e+007    3.048269e+006  2.199633e+004  0.000000e+000    -4.697517e+010  1.447517e+011  0.000000e+000    -4.493823e+010  1.401583e+011  0.000000e+000    
3.188160e+007    3.048624e+006  1.968831e+004  0.000000e+000    -4.450015e+010  1.455115e+011  0.000000e+000    -4.237784e+010  1.409401e+011  0.000000e+000    
3.196800e+007    3.048942e+006  1.750536e+004  0.000000e+000    -4.201254e+010  1.462301e+011  0.000000e+000    -3.980426e+010  1.416780e+011  0.000000e+000    
3.205440e+007    3.049222e+006  1.544814e+004  0.000000e+000    -3.951304e+010  1.469073e+011  0.000000e+000    -3.721828e+010  1.423717e+011  0.000000e+000    
3.214080e+007    3.049469e+006  1.351728e+004  0.000000e+000    -3.700236e+010  1.475430e+011  0.000000e+000    -3.462073e+010  1.430210e+011  0.000000e+000    
3.222720e+007    3.049685e+006  1.171337e+004  0.000000e+000    -3.448121e+010  1.481369e+011  0.000000e+000    -3.201239e+010  1.436257e+011  0.000000e+000    
3.231360e+007    3.049870e+006  1.003695e+004  0.000000e+000    -3.195029e+010  1.486888e+011  0.000000e+000    -2.939410e+010  1.441856e+011  0.000000e+000    
3.240000e+007    3.050028e+006  8.488533e+003  0.000000e+000    -2.941031e+010  1.491987e+011  0.000000e+000    -2.676668e+010  1.447005e+011  0.000000e+000    
3.248640e+007    3.050161e+006  7.068596e+003  0.000000e+000    -2.686201e+010  1.496662e+011  0.000000e+000    -2.413093e+010  1.451702e+011  0.000000e+000    
3.257280e+007    3.050271e+006  5.777570e+003  0.000000e+000    -2.430609e+010  1.500914e+011  0.000000e+000    -2.148771e+010  1.455947e+011  0.000000e+000    
3.265920e+007    3.050359e+006  4.615847e+003  0.000000e+000    -2.174328e+010  1.504740e+011  0.000000e+000    -1.883781e+010  1.459737e+011  0.000000e+000    
3.274560e+007    3.050429e+006  3.583782e+003  0.000000e+000    -1.917430e+010  1.508139e+011  0.000000e+000    -1.618209e+010  1.463072e+011  0.000000e+000    
3.283200e+007    3.050483e+006  2.681691e+003  0.000000e+000    -1.659988e+010  1.511111e+011  0.000000e+000    -1.352137e+010  1.465951e+011  0.000000e+000    
3.291840e+007    3.050522e+006  1.909848e+003  0.000000e+000    -1.402076e+010  1.513654e+011  0.000000e+000    -1.085648e+010  1.468373e+011  0.000000e+000    
3.300480e+007    3.050549e+006  1.268490e+003  0.000000e+000    -1.143765e+010  1.515768e+011  0.000000e+000    -8.188260e+009  1.470337e+011  0.000000e+000    
3.309120e+007    3.050566e+006  7.578122e+002  0.000000e+000    -8.851305e+009  1.517451e+011  0.000000e+000    -5.517538e+009  1.471843e+011  0.000000e+000    
3.317760e+007    3.050576e+006  3.779707e+002  0.000000e+000    -6.262443e+009  1.518705e+011  0.000000e+000    -2.845149e+009  1.472892e+011  0.000000e+000    
3.326400e+007    3.050580e+006  1.290815e+002  0.000000e+000    -3.671803e+009  1.519527e+011  0.000000e+000    -1.719267e+008  1.473482e+011  0.000000e+000    
3.335040e+007    3.050582e+006  1.122075e+001  0.000000e+000    -1.080119e+009  1.519918e+011  0.000000e+000    2.501296e+009  1.473613e+011  0.000000e+000    
3.343680e+007    3.050582e+006  2.442429e+001  0.000000e+000    1.511873e+009  1.519878e+011  0.000000e+000    5.173688e+009  1.473287e+011  0.000000e+000    
3.352320e+007    3.050584e+006  1.686881e+002  0.000000e+000    4.103437e+009  1.519407e+011  0.000000e+000    7.844420e+009  1.472504e+011  0.000000e+000    
3.360960e+007    3.050589e+006  4.439679e+002  0.000000e+000    6.693839e+009  1.518505e+011  0.000000e+000    1.051266e+010  1.471263e+011  0.000000e+000    
3.369600e+007    3.050600e+006  8.501797e+002  0.000000e+000    9.282342e+009  1.517171e+011  0.000000e+000    1.317759e+010  1.469566e+011  0.000000e+000    
3.378240e+007    3.050619e+006  1.387199e+003  0.000000e+000    1.186821e+010  1.515408e+011  0.000000e+000    1.583839e+010  1.467414e+011  0.000000e+000    
3.386880e+007    3.050648e+006  2.054862e+003  0.000000e+000    1.445072e+010  1.513214e+011  0.000000e+000    1.849423e+010  1.464808e+011  0.000000e+000    
3.395520e+007    3.050690e+006  2.852965e+003  0.000000e+000    1.702913e+010  1.510591e+011  0.000000e+000    2.114429e+010  1.461749e+011  0.000000e+000    
3.404160e+007    3.050747e+006  3.781263e+003  0.000000e+000    1.960271e+010  1.507540e+011  0.000000e+000    2.378777e+010  1.458239e+011  0.000000e+000    
3.412800e+007    3.050820e+006  4.839473e+003  0.000000e+000    2.217073e+010  1.504061e+011  0.000000e+000    2.642386e+010  1.454278e+011  0.000000e+000    
3.421440e+007    3.050913e+006  6.027273e+003  0.000000e+000    2.473247e+010  1.500156e+011  0.000000e+000    2.905175e+010  1.449870e+011  0.000000e+000    
3.430080e+007    3.051027e+006  7.344299e+003  0.000000e+000    2.728720e+010  1.495825e+011  0.000000e+000    3.167065e+010  1.445015e+011  0.000000e+000    
3.438720e+007    3.051165e+006  8.790150e+003  0.000000e+000    2.983419e+010  1.491070e+011  0.000000e+000    3.427976e+010  1.439716e+011  0.000000e+000    
3.447360e+007    3.051328e+006  1.036439e+004  0.000000e+000    3.237273e+010  1.485893e+011  0.000000e+000    3.687829e+010  1.433975e+011  0.000000e+000    
3.456000e+007    3.051520e+006  1.206652e+004  0.000000e+000    3.490211e+010  1.480295e+011  0.000000e+000    3.946546e+010  1.427794e+011  0.000000e+000    
3.464640e+007    3.051741e+006  1.389605e+004  0.000000e+000    3.742160e+010  1.474278e+011  0.000000e+000    4.204049e+010  1.421176e+011  0.000000e+000    
3.473280e+007    3.051995e+006  1.585240e+004  0.000000e+000    3.993049e+010  1.467843e+011  0.000000e+000    4.460262e+010  1.414123e+011  0.000000e+000    
3.481920e+007    3.052283e+006  1.793499e+004  0.000000e+000    4.242808e+010  1.460993e+011  0.000000e+000    4.715108e+010  1.406639e+011  0.000000e+000    
3.490560e+007    3.052607e+006  2.014318e+004  0.000000e+000    4.491367e+010  1.453729e+011  0.000000e+000    4.968511e+010  1.398726e+011  0.000000e+000    
3.499200e+007    3.052971e+006  2.247630e+004  0.000000e+000    4.738656e+010  1.446054e+011  0.000000e+000    5.220397e+010  1.390387e+011  0.000000e+000    
3.507840e+007    3.053375e+006  2.493364e+004  0.000000e+000    4.984605e+010  1.437970e+011  0.000000e+000    5.470692e+010  1.381626e+011  0.000000e+000    
3.516480e+007    3.053822e+006  2.751446e+004  0.000000e+000    5.229145e+010  1.429480e+011  0.000000e+000    5.719323e+010  1.372445e+011  0.000000e+000    
3.525120e+007    3.054313e+006  3.021797e+004  0.000000e+000    5.472208e+010  1.420586e+011  0.000000e+000    5.966216e+010  1.362849e+011  0.000000e+000    
3.533760e+007    3.054852e+006  3.304335e+004  0.000000e+000    5.713725e+010  1.411291e+011  0.000000e+000    6.211301e+010  1.352841e+011  0.000000e+000    
3.542400e+007    3.055440e+006  3.598976e+004  0.000000e+000    5.953630e+010  1.401597e+011  0.000000e+000    6.454507e+010  1.342425e+011  0.000000e+000    
3.551040e+007    3.056079e+006  3.905630e+004  0.000000e+000    6.191855e+010  1.391508e+011  0.000000e+000    6.695764e+010  1.331604e+011  0.000000e+000    
3.559680e+007    3.056772e+006  4.224203e+004  0.000000e+000    6.428333e+010  1.381026e+011  0.000000e+000    6.935003e+010  1.320384e+011  0.000000e+000    
3.568320e+007    3.057519e+006  4.554602e+004  0.000000e+000    6.663000e+010  1.370155e+011  0.000000e+000    7.172156e+010  1.308766e+011  0.000000e+000    
3.576960e+007    3.058323e+006  4.896725e+004  0.000000e+000    6.895790e+010  1.358898e+011  0.000000e+000    7.407156e+010  1.296757e+011  0.000000e+000    
3.585600e+007    3.059187e+006  5.250469e+004  0.000000e+000    7.126639e+010  1.347258e+011  0.000000e+000    7.639938e+010  1.284361e+011  0.000000e+000    
3.594240e+007    3.060111e+006  5.615729e+004  0.000000e+000    7.355482e+010  1.335240e+011  0.000000e+000    7.870436e+010  1.271581e+011  0.000000e+000    
3.602880e+007    3.061099e+006  5.992395e+004  0.000000e+000    7.582256e+010  1.322845e+011  0.000000e+000    8.098586e+010  1.258423e+011  0.000000e+000    
3.611520e+007    3.062151e+006  6.380353e+004  0.000000e+000    7.806899e+010  1.310079e+011  0.000000e+000    8.324326e+010  1.244890e+011  0.000000e+000    
3.620160e+007    3.063270e+006  6.779488e+004  0.000000e+000    8.029349e+010  1.296945e+011  0.000000e+000    8.547594e+010  1.230989e+011  0.000000e+000    
3.628800e+007    3.064458e+006  7.189680e+004  0.000000e+000    8.249545e+010  1.283447e+011  0.000000e+000    8.768330e+010  1.216724e+011  0.000000e+000    
3.637440e+007    3.065715e+006  7.610806e+004  0.000000e+000    8.467427e+010  1.269588e+011  0.000000e+000    8.986473e+010  1.202100e+011  0.000000e+000    
3.646080e+007    3.067046e+006  8.042741e+004  0.000000e+000    8.682935e+010  1.255374e+011  0.000000e+000    9.201965e+010  1.187122e+011  0.000000e+000    
3.654720e+007    3.068450e+006  8.485355e+004  0.000000e+000    8.896010e+010  1.240808e+011  0.000000e+000    9.414749e+010  1.171795e+011  0.000000e+000    
3.663360e+007    3.069929e+006  8.938518e+004  0.000000e+000    9.106595e+010  1.225894e+011  0.000000e+000    9.624769e+010  1.156125e+011  0.000000e+000    
3.672000e+007    3.071487e+006  9.402095e+004  0.000000e+000    9.314633e+010  1.210638e+011  0.000000e+000    9.831969e+010  1.140116e+011  0.000000e+000    
3.680640e+007    3.073123e+006  9.875948e+004  0.000000e+000    9.520066e+010  1.195043e+011  0.000000e+000    1.003630e+011  1.123775e+011  0.000000e+000    
3.689280e+007    3.074840e+006  1.035994e+005  0.000000e+000    9.722840e+010  1.179114e+011  0.000000e+000    1.023770e+011  1.107107e+011  0.000000e+000    
3.697920e+007    3.076640e+006  1.085392e+005  0.000000e+000    9.922900e+010  1.162856e+011  0.000000e+000    1.043612e+011  1.090118e+011  0.000000e+000    
3.706560e+007    3.078524e+006  1.135774e+005  0.000000e+000    1.012019e+011  1.146274e+011  0.000000e+000    1.063152e+011  1.072812e+011  0.000000e+000    
3.715200e+007    3.080494e+006  1.187127e+005  0.000000e+000    1.031466e+011  1.129372e+011  0.000000e+000    1.082384e+011  1.055197e+011  0.000000e+000    
3.723840e+007    3.082551e+006  1.239434e+005  0.000000e+000    1.050626e+011  1.112156e+011  0.000000e+000    1.101304e+011  1.037278e+011  0.000000e+000    
3.732480e+007    3.084696e+006  1.292681e+005  0.000000e+000    1.069494e+011  1.094630e+011  0.000000e+000    1.119906e+011  1.019060e+011  0.000000e+000    
3.741120e+007    3.086933e+006  1.346851e+005  0.000000e+000    1.088064e+011  1.076800e+011  0.000000e+000    1.138187e+011  1.000551e+011  0.000000e+000    
3.749760e+007    3.089261e+006  1.401929e+005  0.000000e+000    1.106333e+011  1.058671e+011  0.000000e+000    1.156142e+011  9.817548e+010  0.000000e+000    
3.758400e+007    3.091682e+006  1.457899e+005  0.000000e+000    1.124294e+011  1.040248e+011  0.000000e+000    1.173766e+011  9.626789e+010  0.000000e+000    
3.767040e+007    3.094198e+006  1.514744e+005  0.000000e+000    1.141943e+011  1.021537e+011  0.000000e+000    1.191056e+011  9.433291e+010  0.000000e+000    
3.775680e+007    3.096811e+006  1.572448e+005  0.000000e+000    1.159276e+011  1.002543e+011  0.000000e+000    1.208008e+011  9.237116e+010  0.000000e+000    
3.784320e+007    3.099520e+006  1.630994e+005  0.000000e+000    1.176289e+011  9.832710e+010  0.000000e+000    1.224617e+011  9.038326e+010  0.000000e+000    
3.792960e+007    3.102329e+006  1.690364e+005  0.000000e+000    1.192976e+011  9.637274e+010  0.000000e+000    1.240880e+011  8.836986e+010  0.000000e+000    
3.801600e+007    3.105238e+006  1.750543e+005  0.000000e+000    1.209333e+011  9.439175e+010  0.000000e+000    1.256793e+011  8.633157e+010  0.000000e+000    
3.810240e+007    3.108248e+006  1.811513e+005  0.000000e+000    1.225357e+011  9.238470e+010  0.000000e+000    1.272352e+011  8.426905e+010  0.000000e+000    
3.818880e+007    3.111361e+006  1.873255e+005  0.000000e+000    1.241043e+011  9.035219e+010  0.000000e+000    1.287555e+011  8.218293e+010  0.000000e+000    
3.827520e+007    3.114578e+006  1.935752e+005  0.000000e+000    1.256387e+011  8.829479e+010  0.000000e+000    1.302397e+011  8.007386e+010  0.000000e+000    
3.836160e+007    3.117899e+006  1.998986e+005  0.000000e+000    1.271385e+011  8.621309e+010  0.000000e+000    1.316876e+011  7.794250e+010  0.000000e+000    
3.844800e+007    3.121327e+006  2.062939e+005  0.000000e+000    1.286034e+011  8.410769e+010  0.000000e+000    1.330989e+011  7.578949e+010  0.000000e+000    
3.853440e+007    3.124862e+006  2.127593e+005  0.000000e+000    1.300330e+011  8.197920e+010  0.000000e+000    1.344733e+011  7.361549e+010  0.000000e+000    
3.862080e+007    3.128506e+006  2.192929e+005  0.000000e+000    1.314269e+011  7.982822e+010  0.000000e+000    1.358105e+011  7.142116e+010  0.000000e+000    
3.870720e+007    3.132259e+006  2.258928e+005  0.000000e+000    1.327848e+011  7.765536e+010  0.000000e+000    1.371102e+011  6.920716e+010  0.000000e+000    
3.879360e+007    3.136123e+006  2.325572e+005  0.000000e+000    1.341063e+011  7.546123e+010  0.000000e+000    1.383721e+011  6.697416e+010  0.000000e+000    
3.888000e+007    3.140098e+006  2.392843e+005  0.000000e+000    1.353912e+011  7.324648e+010  0.000000e+000    1.395961e+011  6.472281e+010  0.000000e+000    
